把字符串转化成矩阵

从 ASCII 表可以看出，常用可见字符其实只有 第32-128 位，比如 'a' 的二进制就是 '1100001'，'b' 就是 '1100010'。'a' 就可以表示为一个数组 [1, 1, 0, 0, 0, 0, 1]，同理 'b' 表示为 [1, 1, 0, 0, 0, 1, 0]

故字符串 'abcdefg' 表示为             
```raw
[
    [1, 1, 0, 0, 0, 0, 1],
    [1, 1, 0, 0, 0, 1, 0],
    [1, 1, 0, 0, 0, 1, 1],
    [1, 1, 0, 0, 1, 0, 0],
    [1, 1, 0, 0, 1, 0, 1],
    [1, 1, 0, 0, 1, 1, 0],
    [1, 1, 0, 0, 1, 1, 1]
]
```

也就是 7 * 7 的矩阵，那么两个长度为 7 的字符串就可以进行矩阵运算。

现在有字符串 `flag` 和 密钥 `key` ：`key = 'SoEasy!` 进行矩阵相乘（叉乘），结果为

```raw
[
    [1, 1, 1, 0, 0, 1, 2],
    [4, 4, 2, 1, 1, 3, 5],
    [2, 2, 1, 1, 1, 2, 3],
    [5, 3, 2, 2, 2, 2, 5],
    [3, 3, 1, 1, 1, 2, 4],
    [5, 4, 3, 2, 1, 3, 5],
    [4, 4, 3, 2, 1, 3, 5]
]
```

将解出来的 `flag` （长度为 7 ），加上 `JNCTF{here}` 就是最终可以提交的 `flag`